NDIME= 2
NELEM= 96
9 7 20 81 42 0
9 20 0 41 81 1
9 42 81 41 39 2
9 1 14 82 44 3
9 14 2 43 82 4
9 44 82 43 38 5
9 3 16 83 46 6
9 16 4 45 83 7
9 46 83 45 36 8
9 5 18 84 48 9
9 18 6 47 84 10
9 48 84 47 40 11
9 4 17 85 45 12
9 17 5 49 85 13
9 45 85 49 36 14
9 0 13 86 50 15
9 13 1 44 86 16
9 50 86 44 38 17
9 11 51 87 53 18
9 51 36 52 87 19
9 53 87 52 40 20
9 38 54 88 56 21
9 54 12 55 88 22
9 56 88 55 39 23
9 28 57 89 59 24
9 57 33 58 89 25
9 59 89 58 36 26
9 22 60 90 62 27
9 60 37 61 90 28
9 62 90 61 39 29
9 34 63 91 65 30
9 63 31 64 91 31
9 65 91 64 40 32
9 35 66 92 68 33
9 66 25 67 92 34
9 68 92 67 38 35
9 10 69 93 71 36
9 69 34 70 93 37
9 71 93 70 37 38
9 33 72 94 74 39
9 72 9 73 94 40
9 74 94 73 35 41
9 11 29 95 51 42
9 29 28 59 95 43
9 51 95 59 36 44
9 31 30 96 64 45
9 30 11 53 96 46
9 64 96 53 40 47
9 12 23 97 55 48
9 23 22 62 97 49
9 55 97 62 39 50
9 25 24 98 67 51
9 24 12 54 98 52
9 67 98 54 38 53
9 22 21 99 60 54
9 21 10 71 99 55
9 60 99 71 37 56
9 28 27 100 57 57
9 27 9 72 100 58
9 57 100 72 33 59
9 10 32 101 69 60
9 32 31 63 101 61
9 69 101 63 34 62
9 9 26 102 73 63
9 26 25 66 102 64
9 73 102 66 35 65
9 0 50 103 41 66
9 50 38 56 103 67
9 41 103 56 39 68
9 2 15 104 76 69
9 15 3 75 104 70
9 76 104 75 33 71
9 2 76 105 77 72
9 76 33 74 105 73
9 77 105 74 35 74
9 2 77 106 43 75
9 77 35 68 106 76
9 43 106 68 38 77
9 33 75 107 58 78
9 75 3 46 107 79
9 58 107 46 36 80
9 36 49 108 52 81
9 49 5 48 108 82
9 52 108 48 40 83
9 6 19 109 79 84
9 19 7 78 109 85
9 79 109 78 34 86
9 6 79 110 47 87
9 79 34 65 110 88
9 47 110 65 40 89
9 34 78 111 70 90
9 78 7 80 111 91
9 70 111 80 37 92
9 37 80 112 61 93
9 80 7 42 112 94
9 61 112 42 39 95
NPOIN= 113
0.349 -0.104 0
0.8514 -0.1034 1
1.2998 0.2908 2
1.3058 0.9463 3
0.854 1.268 4
0.358 1.264 5
-0.096 0.948 6
-0.091 0.3 7
0.596 0.581 8
0.846 0.581 9
0.346 0.581 10
0.596 0.831 11
0.596 0.331 12
0.6001999999988454 -0.1037000000000014 13
1.075599999999413 0.09369999999948388 14
1.302799999999996 0.6185499999995346 15
1.079900000001244 1.107149999999114 16
0.6060000000009945 1.266000000000008 17
0.131000000000747 1.10600000000052 18
-0.09350000000000643 0.6240000000008329 19
0.1289999999994261 0.09800000000052697 20
0.3650301169169443 0.4853291418006528 21
0.4192233050839902 0.404223304322736 22
0.5003291419878397 0.3500301168394089 23
0.6916708581379931 0.3500301168915306 24
0.7727766956644114 0.4042233050711377 25
0.8269698831927828 0.4853291420655575 26
0.8269698829918202 0.6766708584196091 27
0.7727766949479236 0.7577766956453502 28
0.6916708576995312 0.8119698832900862 29
0.5003291415568771 0.8119698829820805 30
0.4192233043224882 0.7577766949157619 31
0.3650301167422846 0.6766708577776813 32
0.9790040716604504 0.685510669656909 33
0.2179274675663989 0.6871011985158603 34
0.9319567278137262 0.4367127749209413 35
0.7561795174998489 0.9639084703132835 36
0.265508600118563 0.440809467623099 37
0.7504685721790283 0.2127017990550254 38
0.4198228620365838 0.2331756364002824 39
0.4162121955939545 0.9345893333719433 40
0.3779282628556616 0.1017068841083942 41
0.1889349224191395 0.249412571019358 42
1.012297701949847 0.2427599127169982 43
0.8047237539744 0.06132277438351137 44
0.8123042988517399 1.113046863194087 45
0.9991147258778356 0.9553765555001149 46
0.1975208995411994 0.9432357686322357 47
0.3813996901106523 1.071340111169936 48
0.5657063936754548 1.112710365841861 49
0.5662683077827529 0.05676238922500548 50
0.6664957260813726 0.8918492759928617 51
0.5757960231538037 0.9685273015617625 52
0.5285808763094823 0.8804917667985404 53
0.6614085295208364 0.2766709861313743 54
0.5285140590358852 0.2850388859913441 55
0.5749819611025885 0.2009839415626367 56
0.8597303414284514 0.7390807245747845 57
0.9092951053037857 0.8279094772483016 58
0.7669930774670541 0.8528432209933643 59
0.3490499471245986 0.4164533239843616 60
0.3111797798591747 0.3347977226049078 61
0.4297356413251831 0.315251478431306 62
0.3336913798026284 0.737987110730191 63
0.4295801149170325 0.8478720461976 64
0.2837097332366467 0.8253527034662411 65
0.8438257293251714 0.4147652539491267 66
0.7614802690917302 0.3169355425064572 67
0.8813804486884473 0.3298953179163467 68
0.2930182179476908 0.6485826959884746 69
0.2172102961888506 0.5389679771790555 70
0.3024957867096684 0.5124081186858686 71
0.8990110824812878 0.6476480259474888 72
0.8905346305633941 0.5119122767642631 73
0.9815673058869145 0.5357210344214125 74
1.112494064309705 0.7677434042255918 75
1.130726643725439 0.5408810850714693 76
1.066188619256797 0.3872191891580041 77
0.07075969435570471 0.5428287799324383 78
0.0927777266027722 0.7668693869127869 79
0.1472214072649112 0.397777542030034 80
0.2299499287061534 0.1474904666930909 81
0.9652123881971084 0.1328519084895921 82
0.9665130632044656 1.058817257792337 83
0.2331171921842008 1.043082650104229 84
0.6595778775547332 1.164380325690763 85
0.6548058544020359 0.003785791382743822 86
0.5900152206429713 0.9123593888144672 87
0.5884556170859901 0.2558072284510807 88
0.842221923154106 0.8052069746170788 89
0.3649428351019562 0.3568014935222009 90
0.3497028261901581 0.8002101076052327 91
0.8253972093860501 0.3529811222394411 92
0.2727649597663543 0.5676475973727495 93
0.9221318710977183 0.565976236767321 94
0.7083639474382095 0.8517788847003851 95
0.4831573089173766 0.8448926038466666 96
0.483578207030691 0.3187822098360628 97
0.7053738425771743 0.3150220431032708 98
0.3404042693522184 0.4729924684575321 99
0.8632448193515315 0.6834540692455358 100
0.3296255779103413 0.6835954710145076 101
0.8526411336065928 0.4726381930629397 102
0.5064054039952679 0.1178648352078706 103
1.18629394340381 0.6418844055822419 104
1.063080660905075 0.4822962292269201 105
0.9891065395395892 0.3177737127287905 106
1.009199041948893 0.8553086728803032 107
0.5084663386096111 1.051961712600889 108
0.01900023963769121 0.6447220400359299 109
0.1873507193118171 0.848956421242996 110
0.1403132063653626 0.4874510295931074 111
0.2098892975505969 0.3264400855839402 112
NMARK= 2
MARKER_TAG= InnBC
MARKER_ELEMS= 16
3 10 21 
3 21 22 
3 22 23 
3 23 12 
3 12 24 
3 24 25 
3 25 26 
3 26 9 
3 9 27 
3 27 28 
3 28 29 
3 29 11 
3 11 30 
3 30 31 
3 31 32 
3 32 10 
MARKER_TAG= OutBC
MARKER_ELEMS= 16
3 0 13 
3 13 1 
3 1 14 
3 14 2 
3 2 15 
3 15 3 
3 3 16 
3 16 4 
3 4 17 
3 17 5 
3 5 18 
3 18 6 
3 6 19 
3 19 7 
3 7 20 
3 20 0 
